#Frame      Pop:0    Pop:1    Pop:2    Pop:3    Pop:4    Pop:5    Pop:6    Pop:7    Pop:8    Pop:9
       1    0.000    0.000    0.000    0.000    0.000    0.000    0.000    0.000    1.000    0.000
       2    0.500    0.000    0.000    0.000    0.000    0.000    0.000    0.000    0.500    0.000
       3    0.667    0.000    0.000    0.000    0.000    0.000    0.000    0.000    0.333    0.000
       4    0.750    0.000    0.000    0.000    0.000    0.000    0.000    0.000    0.250    0.000
       5    0.800    0.000    0.000    0.000    0.000    0.000    0.000    0.000    0.200    0.000
       6    0.833    0.000    0.000    0.000    0.000    0.000    0.000    0.000    0.167    0.000
       7    0.857    0.000    0.000    0.000    0.000    0.000    0.000    0.000    0.143    0.000
       8    0.875    0.000    0.000    0.000    0.000    0.000    0.000    0.000    0.125    0.000
       9    0.889    0.000    0.000    0.000    0.000    0.000    0.000    0.000    0.111    0.000
      10    0.900    0.000    0.000    0.000    0.000    0.000    0.000    0.000    0.100    0.000
      11    0.909    0.000    0.000    0.000    0.000    0.000    0.000    0.000    0.091    0.000
      12    0.917    0.000    0.000    0.000    0.000    0.000    0.000    0.000    0.083    0.000
      13    0.923    0.000    0.000    0.000    0.000    0.000    0.000    0.000    0.077    0.000
      14    0.929    0.000    0.000    0.000    0.000    0.000    0.000    0.000    0.071    0.000
      15    0.933    0.000    0.000    0.000    0.000    0.000    0.000    0.000    0.067    0.000
      16    0.938    0.000    0.000    0.000    0.000    0.000    0.000    0.000    0.062    0.000
      17    0.941    0.000    0.000    0.000    0.000    0.000    0.000    0.000    0.059    0.000
      18    0.944    0.000    0.000    0.000    0.000    0.000    0.000    0.000    0.056    0.000
      19    0.895    0.000    0.000    0.000    0.000    0.000    0.000    0.053    0.053    0.000
      20    0.850    0.000    0.000    0.000    0.000    0.000    0.000    0.100    0.050    0.000
      21    0.810    0.000    0.000    0.000    0.000    0.000    0.000    0.143    0.048    0.000
      22    0.773    0.000    0.000    0.000    0.000    0.000    0.000    0.182    0.045    0.000
      23    0.739    0.000    0.000    0.000    0.000    0.000    0.000    0.217    0.043    0.000
      24    0.750    0.000    0.000    0.000    0.000    0.000    0.000    0.208    0.042    0.000
      25    0.760    0.000    0.000    0.000    0.000    0.000    0.000    0.200    0.040    0.000
      26    0.769    0.000    0.000    0.000    0.000    0.000    0.000    0.192    0.038    0.000
      27    0.778    0.000    0.000    0.000    0.000    0.000    0.000    0.185    0.037    0.000
      28    0.786    0.000    0.000    0.000    0.000    0.000    0.000    0.179    0.036    0.000
      29    0.793    0.000    0.000    0.000    0.000    0.000    0.000    0.172    0.034    0.000
      30    0.800    0.000    0.000    0.000    0.000    0.000    0.000    0.167    0.033    0.000
      31    0.806    0.000    0.000    0.000    0.000    0.000    0.000    0.161    0.032    0.000
      32    0.812    0.000    0.000    0.000    0.000    0.000    0.000    0.156    0.031    0.000
      33    0.818    0.000    0.000    0.000    0.000    0.000    0.000    0.152    0.030    0.000
      34    0.824    0.000    0.000    0.000    0.000    0.000    0.000    0.147    0.029    0.000
      35    0.800    0.000    0.000    0.000    0.000    0.000    0.000    0.171    0.029    0.000
      36    0.778    0.000    0.000    0.000    0.000    0.000    0.000    0.194    0.028    0.000
      37    0.757    0.000    0.000    0.000    0.000    0.000    0.000    0.216    0.027    0.000
      38    0.737    0.000    0.000    0.000    0.000    0.000    0.000    0.237    0.026    0.000
      39    0.718    0.000    0.000    0.000    0.000    0.000    0.000    0.256    0.026    0.000
      40    0.700    0.000    0.000    0.000    0.000    0.000    0.000    0.275    0.025    0.000
      41    0.683    0.000    0.000    0.000    0.000    0.000    0.000    0.293    0.024    0.000
      42    0.667    0.000    0.000    0.000    0.000    0.000    0.000    0.310    0.024    0.000
      43    0.651    0.000    0.000    0.000    0.000    0.000    0.000    0.326    0.023    0.000
      44    0.636    0.000    0.000    0.000    0.000    0.000    0.000    0.341    0.023    0.000
      45    0.622    0.000    0.000    0.000    0.000    0.000    0.000    0.356    0.022    0.000
      46    0.609    0.000    0.000    0.000    0.000    0.000    0.000    0.370    0.022    0.000
      47    0.596    0.000    0.000    0.000    0.000    0.000    0.000    0.383    0.021    0.000
      48    0.583    0.000    0.000    0.000    0.000    0.000    0.000    0.396    0.021    0.000
      49    0.571    0.000    0.000    0.000    0.000    0.000    0.000    0.408    0.020    0.000
      50    0.560    0.000    0.000    0.000    0.000    0.000    0.000    0.420    0.020    0.000
      51    0.549    0.000    0.000    0.000    0.000    0.000    0.000    0.431    0.020    0.000
      52    0.558    0.000    0.000    0.000    0.000    0.000    0.000    0.423    0.019    0.000
      53    0.566    0.000    0.000    0.000    0.000    0.000    0.000    0.415    0.019    0.000
      54    0.574    0.000    0.000    0.000    0.000    0.000    0.000    0.407    0.019    0.000
      55    0.582    0.000    0.000    0.000    0.000    0.000    0.000    0.400    0.018    0.000
      56    0.589    0.000    0.000    0.000    0.000    0.000    0.000    0.393    0.018    0.000
      57    0.596    0.000    0.000    0.000    0.000    0.000    0.000    0.386    0.018    0.000
      58    0.603    0.000    0.000    0.000    0.000    0.000    0.000    0.379    0.017    0.000
      59    0.610    0.000    0.000    0.000    0.000    0.000    0.000    0.373    0.017    0.000
      60    0.617    0.000    0.000    0.000    0.000    0.000    0.000    0.367    0.017    0.000
      61    0.623    0.000    0.000    0.000    0.000    0.000    0.000    0.361    0.016    0.000
      62    0.629    0.000    0.000    0.000    0.000    0.000    0.000    0.355    0.016    0.000
      63    0.635    0.000    0.000    0.000    0.000    0.000    0.000    0.349    0.016    0.000
      64    0.641    0.000    0.000    0.000    0.000    0.000    0.000    0.344    0.016    0.000
      65    0.646    0.000    0.000    0.000    0.000    0.000    0.000    0.338    0.015    0.000
      66    0.652    0.000    0.000    0.000    0.000    0.000    0.000    0.333    0.015    0.000
      67    0.657    0.000    0.000    0.000    0.000    0.000    0.000    0.328    0.015    0.000
      68    0.662    0.000    0.000    0.000    0.000    0.000    0.000    0.324    0.015    0.000
      69    0.667    0.000    0.000    0.000    0.000    0.000    0.000    0.319    0.014    0.000
      70    0.671    0.000    0.000    0.000    0.000    0.000    0.000    0.314    0.014    0.000
      71    0.676    0.000    0.000    0.000    0.000    0.000    0.000    0.310    0.014    0.000
      72    0.681    0.000    0.000    0.000    0.000    0.000    0.000    0.306    0.014    0.000
      73    0.685    0.000    0.000    0.000    0.000    0.000    0.000    0.301    0.014    0.000
      74    0.689    0.000    0.000    0.000    0.000    0.000    0.000    0.297    0.014    0.000
      75    0.693    0.000    0.000    0.000    0.000    0.000    0.000    0.293    0.013    0.000
      76    0.697    0.000    0.000    0.000    0.000    0.000    0.000    0.289    0.013    0.000
      77    0.701    0.000    0.000    0.000    0.000    0.000    0.000    0.286    0.013    0.000
      78    0.705    0.000    0.000    0.000    0.000    0.000    0.000    0.282    0.013    0.000
      79    0.709    0.000    0.000    0.000    0.000    0.000    0.000    0.278    0.013    0.000
      80    0.712    0.000    0.000    0.000    0.000    0.000    0.000    0.275    0.013    0.000
      81    0.716    0.000    0.000    0.000    0.000    0.000    0.000    0.272    0.012    0.000
      82    0.720    0.000    0.000    0.000    0.000    0.000    0.000    0.268    0.012    0.000
      83    0.723    0.000    0.000    0.000    0.000    0.000    0.000    0.265    0.012    0.000
      84    0.714    0.012    0.000    0.000    0.000    0.000    0.000    0.262    0.012    0.000
      85    0.706    0.024    0.000    0.000    0.000    0.000    0.000    0.259    0.012    0.000
      86    0.698    0.035    0.000    0.000    0.000    0.000    0.000    0.256    0.012    0.000
      87    0.690    0.046    0.000    0.000    0.000    0.000    0.000    0.253    0.011    0.000
      88    0.682    0.057    0.000    0.000    0.000    0.000    0.000    0.250    0.011    0.000
      89    0.674    0.067    0.000    0.000    0.000    0.000    0.000    0.247    0.011    0.000
      90    0.667    0.078    0.000    0.000    0.000    0.000    0.000    0.244    0.011    0.000
      91    0.659    0.088    0.000    0.000    0.000    0.000    0.000    0.242    0.011    0.000
      92    0.652    0.098    0.000    0.000    0.000    0.000    0.000    0.239    0.011    0.000
      93    0.645    0.108    0.000    0.000    0.000    0.000    0.000    0.237    0.011    0.000
      94    0.638    0.117    0.000    0.000    0.000    0.000    0.000    0.234    0.011    0.000
      95    0.632    0.126    0.000    0.000    0.000    0.000    0.000    0.232    0.011    0.000
      96    0.625    0.135    0.000    0.000    0.000    0.000    0.000    0.229    0.010    0.000
      97    0.619    0.144    0.000    0.000    0.000    0.000    0.000    0.227    0.010    0.000
      98    0.612    0.153    0.000    0.000    0.000    0.000    0.000    0.224    0.010    0.000
      99    0.606    0.162    0.000    0.000    0.000    0.000    0.000    0.222    0.010    0.000
     100    0.600    0.170    0.000    0.000    0.000    0.000    0.000    0.220    0.010    0.000
     101    0.594    0.178    0.000    0.000    0.000    0.000    0.000    0.218    0.010    0.000
     102    0.588    0.186    0.000    0.000    0.000    0.000    0.000    0.216    0.010    0.000
     103    0.583    0.194    0.000    0.000    0.000    0.000    0.000    0.214    0.010    0.000
     104    0.577    0.202    0.000    0.000    0.000    0.000    0.000    0.212    0.010    0.000
     105    0.571    0.210    0.000    0.000    0.000    0.000    0.000    0.210    0.010    0.000
     106    0.566    0.217    0.000    0.000    0.000    0.000    0.000    0.208    0.009    0.000
     107    0.561    0.224    0.000    0.000    0.000    0.000    0.000    0.206    0.009    0.000
     108    0.556    0.231    0.000    0.000    0.000    0.000    0.000    0.204    0.009    0.000
     109    0.550    0.239    0.000    0.000    0.000    0.000    0.000    0.202    0.009    0.000
     110    0.545    0.245    0.000    0.000    0.000    0.000    0.000    0.200    0.009    0.000
     111    0.541    0.252    0.000    0.000    0.000    0.000    0.000    0.198    0.009    0.000
     112    0.536    0.259    0.000    0.000    0.000    0.000    0.000    0.196    0.009    0.000
     113    0.531    0.265    0.000    0.000    0.000    0.000    0.000    0.195    0.009    0.000
     114    0.526    0.272    0.000    0.000    0.000    0.000    0.000    0.193    0.009    0.000
     115    0.522    0.278    0.000    0.000    0.000    0.000    0.000    0.191    0.009    0.000
     116    0.517    0.284    0.000    0.000    0.000    0.000    0.000    0.190    0.009    0.000
     117    0.513    0.291    0.000    0.000    0.000    0.000    0.000    0.188    0.009    0.000
     118    0.508    0.297    0.000    0.000    0.000    0.000    0.000    0.186    0.008    0.000
     119    0.504    0.303    0.000    0.000    0.000    0.000    0.000    0.185    0.008    0.000
     120    0.500    0.308    0.000    0.000    0.000    0.000    0.000    0.183    0.008    0.000
     121    0.496    0.314    0.000    0.000    0.000    0.000    0.000    0.182    0.008    0.000
     122    0.492    0.320    0.000    0.000    0.000    0.000    0.000    0.180    0.008    0.000
     123    0.488    0.325    0.000    0.000    0.000    0.000    0.000    0.179    0.008    0.000
     124    0.484    0.331    0.000    0.000    0.000    0.000    0.000    0.177    0.008    0.000
     125    0.480    0.336    0.000    0.000    0.000    0.000    0.000    0.176    0.008    0.000
     126    0.476    0.341    0.000    0.000    0.000    0.000    0.000    0.175    0.008    0.000
     127    0.472    0.346    0.000    0.000    0.000    0.000    0.000    0.173    0.008    0.000
     128    0.469    0.352    0.000    0.000    0.000    0.000    0.000    0.172    0.008    0.000
     129    0.465    0.357    0.000    0.000    0.000    0.000    0.000    0.171    0.008    0.000
     130    0.462    0.362    0.000    0.000    0.000    0.000    0.000    0.169    0.008    0.000
     131    0.458    0.366    0.000    0.000    0.000    0.000    0.000    0.168    0.008    0.000
     132    0.455    0.371    0.000    0.000    0.000    0.000    0.000    0.167    0.008    0.000
     133    0.451    0.376    0.000    0.000    0.000    0.000    0.000    0.165    0.008    0.000
     134    0.448    0.381    0.000    0.000    0.000    0.000    0.000    0.164    0.007    0.000
     135    0.444    0.385    0.000    0.000    0.000    0.000    0.000    0.163    0.007    0.000
     136    0.441    0.390    0.000    0.000    0.000    0.000    0.000    0.162    0.007    0.000
     137    0.438    0.394    0.000    0.000    0.000    0.000    0.000    0.161    0.007    0.000
     138    0.435    0.399    0.000    0.000    0.000    0.000    0.000    0.159    0.007    0.000
     139    0.432    0.403    0.000    0.000    0.000    0.000    0.000    0.158    0.007    0.000
     140    0.429    0.407    0.000    0.000    0.000    0.000    0.000    0.157    0.007    0.000
     141    0.426    0.411    0.000    0.000    0.000    0.000    0.000    0.156    0.007    0.000
     142    0.423    0.415    0.000    0.000    0.000    0.000    0.000    0.155    0.007    0.000
     143    0.420    0.420    0.000    0.000    0.000    0.000    0.000    0.154    0.007    0.000
     144    0.417    0.424    0.000    0.000    0.000    0.000    0.000    0.153    0.007    0.000
     145    0.414    0.428    0.000    0.000    0.000    0.000    0.000    0.152    0.007    0.000
     146    0.411    0.432    0.000    0.000    0.000    0.000    0.000    0.151    0.007    0.000
     147    0.408    0.435    0.000    0.000    0.000    0.000    0.000    0.150    0.007    0.000
     148    0.405    0.439    0.000    0.000    0.000    0.000    0.000    0.149    0.007    0.000
     149    0.403    0.443    0.000    0.000    0.000    0.000    0.000    0.148    0.007    0.000
     150    0.400    0.447    0.000    0.000    0.000    0.000    0.000    0.147    0.007    0.000
     151    0.397    0.450    0.000    0.000    0.000    0.000    0.000    0.146    0.007    0.000
     152    0.395    0.454    0.000    0.000    0.000    0.000    0.000    0.145    0.007    0.000
     153    0.392    0.458    0.000    0.000    0.000    0.000    0.000    0.144    0.007    0.000
     154    0.390    0.461    0.000    0.000    0.000    0.000    0.000    0.143    0.006    0.000
     155    0.387    0.465    0.000    0.000    0.000    0.000    0.000    0.142    0.006    0.000
     156    0.385    0.468    0.000    0.000    0.000    0.000    0.000    0.141    0.006    0.000
     157    0.382    0.471    0.000    0.000    0.000    0.000    0.000    0.140    0.006    0.000
     158    0.380    0.475    0.000    0.000    0.000    0.000    0.000    0.139    0.006    0.000
     159    0.377    0.478    0.000    0.000    0.000    0.000    0.000    0.138    0.006    0.000
     160    0.375    0.481    0.000    0.000    0.000    0.000    0.000    0.138    0.006    0.000
     161    0.373    0.484    0.000    0.000    0.000    0.000    0.000    0.137    0.006    0.000
     162    0.370    0.488    0.000    0.000    0.000    0.000    0.000    0.136    0.006    0.000
     163    0.368    0.491    0.000    0.000    0.000    0.000    0.000    0.135    0.006    0.000
     164    0.366    0.494    0.000    0.000    0.000    0.000    0.000    0.134    0.006    0.000
     165    0.364    0.497    0.000    0.000    0.000    0.000    0.000    0.133    0.006    0.000
     166    0.361    0.500    0.000    0.000    0.000    0.000    0.000    0.133    0.006    0.000
     167    0.359    0.503    0.000    0.000    0.000    0.000    0.000    0.132    0.006    0.000
     168    0.357    0.506    0.000    0.000    0.000    0.000    0.000    0.131    0.006    0.000
     169    0.355    0.509    0.000    0.000    0.000    0.000    0.000    0.130    0.006    0.000
     170    0.353    0.512    0.000    0.000    0.000    0.000    0.000    0.129    0.006    0.000
     171    0.351    0.515    0.000    0.000    0.000    0.000    0.000    0.129    0.006    0.000
     172    0.349    0.517    0.000    0.000    0.000    0.000    0.000    0.128    0.006    0.000
     173    0.347    0.520    0.000    0.000    0.000    0.000    0.000    0.127    0.006    0.000
     174    0.345    0.523    0.000    0.000    0.000    0.000    0.000    0.126    0.006    0.000
     175    0.343    0.526    0.000    0.000    0.000    0.000    0.000    0.126    0.006    0.000
     176    0.341    0.528    0.000    0.000    0.000    0.000    0.000    0.125    0.006    0.000
     177    0.339    0.531    0.000    0.000    0.000    0.000    0.000    0.124    0.006    0.000
     178    0.337    0.534    0.000    0.000    0.000    0.000    0.000    0.124    0.006    0.000
     179    0.335    0.536    0.000    0.000    0.000    0.000    0.000    0.123    0.006    0.000
     180    0.333    0.539    0.000    0.000    0.000    0.000    0.000    0.122    0.006    0.000
     181    0.331    0.541    0.000    0.000    0.000    0.000    0.000    0.122    0.006    0.000
     182    0.330    0.544    0.000    0.000    0.000    0.000    0.000    0.121    0.005    0.000
     183    0.328    0.546    0.000    0.000    0.000    0.000    0.000    0.120    0.005    0.000
     184    0.326    0.549    0.000    0.000    0.000    0.000    0.000    0.120    0.005    0.000
     185    0.324    0.551    0.000    0.000    0.000    0.000    0.000    0.119    0.005    0.000
     186    0.323    0.554    0.000    0.000    0.000    0.000    0.000    0.118    0.005    0.000
     187    0.321    0.556    0.000    0.000    0.000    0.000    0.000    0.118    0.005    0.000
     188    0.319    0.559    0.000    0.000    0.000    0.000    0.000    0.117    0.005    0.000
     189    0.317    0.561    0.000    0.000    0.000    0.000    0.000    0.116    0.005    0.000
     190    0.316    0.563    0.000    0.000    0.000    0.000    0.000    0.116    0.005    0.000
     191    0.314    0.565    0.000    0.000    0.000    0.000    0.000    0.115    0.005    0.000
     192    0.312    0.568    0.000    0.000    0.000    0.000    0.000    0.115    0.005    0.000
     193    0.311    0.570    0.000    0.000    0.000    0.000    0.000    0.114    0.005    0.000
     194    0.309    0.572    0.000    0.000    0.000    0.000    0.000    0.113    0.005    0.000
     195    0.308    0.574    0.000    0.000    0.000    0.000    0.000    0.113    0.005    0.000
     196    0.306    0.577    0.000    0.000    0.000    0.000    0.000    0.112    0.005    0.000
     197    0.305    0.579    0.000    0.000    0.000    0.000    0.000    0.112    0.005    0.000
     198    0.303    0.581    0.000    0.000    0.000    0.000    0.000    0.111    0.005    0.000
     199    0.302    0.583    0.000    0.000    0.000    0.000    0.000    0.111    0.005    0.000
     200    0.300    0.585    0.000    0.000    0.000    0.000    0.000    0.110    0.005    0.000
     201    0.299    0.587    0.000    0.000    0.000    0.000    0.000    0.109    0.005    0.000
     202    0.297    0.589    0.000    0.000    0.000    0.000    0.000    0.109    0.005    0.000
     203    0.296    0.591    0.000    0.000    0.000    0.000    0.000    0.108    0.005    0.000
     204    0.294    0.593    0.000    0.000    0.000    0.000    0.000    0.108    0.005    0.000
     205    0.293    0.595    0.000    0.000    0.000    0.000    0.000    0.107    0.005    0.000
     206    0.291    0.597    0.000    0.000    0.000    0.000    0.000    0.107    0.005    0.000
     207    0.290    0.599    0.000    0.000    0.000    0.000    0.000    0.106    0.005    0.000
     208    0.288    0.601    0.000    0.000    0.000    0.000    0.000    0.106    0.005    0.000
     209    0.287    0.603    0.000    0.000    0.000    0.000    0.000    0.105    0.005    0.000
     210    0.286    0.605    0.000    0.000    0.000    0.000    0.000    0.105    0.005    0.000
     211    0.284    0.607    0.000    0.000    0.000    0.000    0.000    0.104    0.005    0.000
     212    0.283    0.608    0.000    0.000    0.000    0.000    0.000    0.104    0.005    0.000
     213    0.282    0.610    0.000    0.000    0.000    0.000    0.000    0.103    0.005    0.000
     214    0.280    0.612    0.000    0.000    0.000    0.000    0.000    0.103    0.005    0.000
     215    0.279    0.614    0.000    0.000    0.000    0.000    0.000    0.102    0.005    0.000
     216    0.278    0.616    0.000    0.000    0.000    0.000    0.000    0.102    0.005    0.000
     217    0.276    0.618    0.000    0.000    0.000    0.000    0.000    0.101    0.005    0.000
     218    0.275    0.619    0.000    0.000    0.000    0.000    0.000    0.101    0.005    0.000
     219    0.274    0.621    0.000    0.000    0.000    0.000    0.000    0.100    0.005    0.000
     220    0.273    0.623    0.000    0.000    0.000    0.000    0.000    0.100    0.005    0.000
     221    0.271    0.624    0.000    0.000    0.000    0.000    0.000    0.100    0.005    0.000
     222    0.270    0.626    0.000    0.000    0.000    0.000    0.000    0.099    0.005    0.000
     223    0.269    0.628    0.000    0.000    0.000    0.000    0.000    0.099    0.004    0.000
     224    0.268    0.629    0.000    0.000    0.000    0.000    0.000    0.098    0.004    0.000
     225    0.267    0.631    0.000    0.000    0.000    0.000    0.000    0.098    0.004    0.000
     226    0.265    0.633    0.000    0.000    0.000    0.000    0.000    0.097    0.004    0.000
     227    0.264    0.634    0.000    0.000    0.000    0.000    0.000    0.097    0.004    0.000
     228    0.263    0.636    0.000    0.000    0.000    0.000    0.000    0.096    0.004    0.000
     229    0.262    0.638    0.000    0.000    0.000    0.000    0.000    0.096    0.004    0.000
     230    0.261    0.639    0.000    0.000    0.000    0.000    0.000    0.096    0.004    0.000
     231    0.260    0.641    0.000    0.000    0.000    0.000    0.000    0.095    0.004    0.000
     232    0.259    0.642    0.000    0.000    0.000    0.000    0.000    0.095    0.004    0.000
     233    0.258    0.644    0.000    0.000    0.000    0.000    0.000    0.094    0.004    0.000
     234    0.256    0.645    0.000    0.000    0.000    0.000    0.000    0.094    0.004    0.000
     235    0.255    0.647    0.000    0.000    0.000    0.000    0.000    0.094    0.004    0.000
     236    0.254    0.648    0.000    0.000    0.000    0.000    0.000    0.093    0.004    0.000
     237    0.253    0.650    0.000    0.000    0.000    0.000    0.000    0.093    0.004    0.000
     238    0.252    0.651    0.000    0.000    0.000    0.000    0.000    0.092    0.004    0.000
     239    0.251    0.653    0.000    0.000    0.000    0.000    0.000    0.092    0.004    0.000
     240    0.250    0.654    0.000    0.000    0.000    0.000    0.000    0.092    0.004    0.000
     241    0.249    0.656    0.000    0.000    0.000    0.000    0.000    0.091    0.004    0.000
     242    0.248    0.657    0.000    0.000    0.000    0.000    0.000    0.091    0.004    0.000
     243    0.247    0.658    0.000    0.000    0.000    0.000    0.000    0.091    0.004    0.000
     244    0.246    0.660    0.000    0.000    0.000    0.000    0.000    0.090    0.004    0.000
     245    0.245    0.661    0.000    0.000    0.000    0.000    0.000    0.090    0.004    0.000
     246    0.244    0.663    0.000    0.000    0.000    0.000    0.000    0.089    0.004    0.000
     247    0.243    0.664    0.000    0.000    0.000    0.000    0.000    0.089    0.004    0.000
     248    0.242    0.665    0.000    0.000    0.000    0.000    0.000    0.089    0.004    0.000
     249    0.241    0.667    0.000    0.000    0.000    0.000    0.000    0.088    0.004    0.000
     250    0.240    0.668    0.000    0.000    0.000    0.000    0.000    0.088    0.004    0.000
     251    0.239    0.669    0.000    0.000    0.000    0.000    0.000    0.088    0.004    0.000
     252    0.238    0.671    0.000    0.000    0.000    0.000    0.000    0.087    0.004    0.000
     253    0.237    0.672    0.000    0.000    0.000    0.000    0.000    0.087    0.004    0.000
     254    0.236    0.673    0.000    0.000    0.000    0.000    0.000    0.087    0.004    0.000
     255    0.235    0.675    0.000    0.000    0.000    0.000    0.000    0.086    0.004    0.000
     256    0.234    0.676    0.000    0.000    0.000    0.000    0.000    0.086    0.004    0.000
     257    0.233    0.677    0.000    0.000    0.000    0.000    0.000    0.086    0.004    0.000
     258    0.233    0.678    0.000    0.000    0.000    0.000    0.000    0.085    0.004    0.000
     259    0.232    0.680    0.000    0.000    0.000    0.000    0.000    0.085    0.004    0.000
     260    0.231    0.681    0.000    0.000    0.000    0.000    0.000    0.085    0.004    0.000
     261    0.230    0.682    0.000    0.000    0.000    0.000    0.000    0.084    0.004    0.000
     262    0.229    0.683    0.000    0.000    0.000    0.000    0.000    0.084    0.004    0.000
     263    0.228    0.684    0.000    0.000    0.000    0.000    0.000    0.084    0.004    0.000
     264    0.227    0.686    0.000    0.000    0.000    0.000    0.000    0.083    0.004    0.000
     265    0.226    0.687    0.000    0.000    0.000    0.000    0.000    0.083    0.004    0.000
     266    0.226    0.688    0.000    0.000    0.000    0.000    0.000    0.083    0.004    0.000
     267    0.225    0.689    0.000    0.000    0.000    0.000    0.000    0.082    0.004    0.000
     268    0.224    0.690    0.000    0.000    0.000    0.000    0.000    0.082    0.004    0.000
     269    0.223    0.691    0.000    0.000    0.000    0.000    0.000    0.082    0.004    0.000
     270    0.222    0.693    0.000    0.000    0.000    0.000    0.000    0.081    0.004    0.000
     271    0.221    0.694    0.000    0.000    0.000    0.000    0.000    0.081    0.004    0.000
     272    0.221    0.695    0.000    0.000    0.000    0.000    0.000    0.081    0.004    0.000
     273    0.220    0.696    0.000    0.000    0.000    0.000    0.000    0.081    0.004    0.000
     274    0.219    0.697    0.000    0.000    0.000    0.000    0.000    0.080    0.004    0.000
     275    0.218    0.698    0.000    0.000    0.000    0.000    0.000    0.080    0.004    0.000
     276    0.217    0.699    0.000    0.000    0.000    0.000    0.000    0.080    0.004    0.000
     277    0.217    0.700    0.000    0.000    0.000    0.000    0.000    0.079    0.004    0.000
     278    0.216    0.701    0.000    0.000    0.000    0.000    0.000    0.079    0.004    0.000
     279    0.215    0.703    0.000    0.000    0.000    0.000    0.000    0.079    0.004    0.000
     280    0.214    0.704    0.000    0.000    0.000    0.000    0.000    0.079    0.004    0.000
     281    0.214    0.705    0.000    0.000    0.000    0.000    0.000    0.078    0.004    0.000
     282    0.213    0.706    0.000    0.000    0.000    0.000    0.000    0.078    0.004    0.000
     283    0.212    0.707    0.000    0.000    0.000    0.000    0.000    0.078    0.004    0.000
     284    0.211    0.708    0.000    0.000    0.000    0.000    0.000    0.077    0.004    0.000
     285    0.211    0.709    0.000    0.000    0.000    0.000    0.000    0.077    0.004    0.000
     286    0.210    0.710    0.000    0.000    0.000    0.000    0.000    0.077    0.003    0.000
     287    0.209    0.711    0.000    0.000    0.000    0.000    0.000    0.077    0.003    0.000
     288    0.208    0.712    0.000    0.000    0.000    0.000    0.000    0.076    0.003    0.000
     289    0.208    0.713    0.000    0.000    0.000    0.000    0.000    0.076    0.003    0.000
     290    0.207    0.714    0.000    0.000    0.000    0.000    0.000    0.076    0.003    0.000
     291    0.206    0.715    0.000    0.000    0.000    0.000    0.000    0.076    0.003    0.000
     292    0.205    0.716    0.000    0.000    0.000    0.000    0.000    0.075    0.003    0.000
     293    0.205    0.717    0.000    0.000    0.000    0.000    0.000    0.075    0.003    0.000
     294    0.204    0.718    0.000    0.000    0.000    0.000    0.000    0.075    0.003    0.000
     295    0.203    0.719    0.000    0.000    0.000    0.000    0.000    0.075    0.003    0.000
     296    0.203    0.720    0.000    0.000    0.000    0.000    0.000    0.074    0.003    0.000
     297    0.202    0.721    0.000    0.000    0.000    0.000    0.000    0.074    0.003    0.000
     298    0.201    0.721    0.000    0.000    0.000    0.000    0.000    0.074    0.003    0.000
     299    0.201    0.722    0.000    0.000    0.000    0.000    0.000    0.074    0.003    0.000
     300    0.200    0.723    0.000    0.000    0.000    0.000    0.000    0.073    0.003    0.000
     301    0.199    0.724    0.000    0.000    0.000    0.000    0.000    0.073    0.003    0.000
     302    0.199    0.725    0.000    0.000    0.000    0.000    0.000    0.073    0.003    0.000
     303    0.198    0.726    0.000    0.000    0.000    0.000    0.000    0.073    0.003    0.000
     304    0.197    0.727    0.000    0.000    0.000    0.000    0.000    0.072    0.003    0.000
     305    0.197    0.728    0.000    0.000    0.000    0.000    0.000    0.072    0.003    0.000
     306    0.196    0.729    0.000    0.000    0.000    0.000    0.000    0.072    0.003    0.000
     307    0.195    0.730    0.000    0.000    0.000    0.000    0.000    0.072    0.003    0.000
     308    0.195    0.731    0.000    0.000    0.000    0.000    0.000    0.071    0.003    0.000
     309    0.194    0.731    0.000    0.000    0.000    0.000    0.000    0.071    0.003    0.000
     310    0.194    0.732    0.000    0.000    0.000    0.000    0.000    0.071    0.003    0.000
     311    0.193    0.733    0.000    0.000    0.000    0.000    0.000    0.071    0.003    0.000
     312    0.192    0.734    0.000    0.000    0.000    0.000    0.000    0.071    0.003    0.000
     313    0.192    0.735    0.000    0.000    0.000    0.000    0.000    0.070    0.003    0.000
     314    0.191    0.736    0.000    0.000    0.000    0.000    0.000    0.070    0.003    0.000
     315    0.190    0.737    0.000    0.000    0.000    0.000    0.000    0.070    0.003    0.000
     316    0.190    0.737    0.000    0.000    0.000    0.000    0.000    0.070    0.003    0.000
     317    0.189    0.738    0.000    0.000    0.000    0.000    0.000    0.069    0.003    0.000
     318    0.189    0.739    0.000    0.000    0.000    0.000    0.000    0.069    0.003    0.000
     319    0.188    0.740    0.000    0.000    0.000    0.000    0.000    0.069    0.003    0.000
     320    0.188    0.741    0.000    0.000    0.000    0.000    0.000    0.069    0.003    0.000
     321    0.187    0.741    0.000    0.000    0.000    0.000    0.000    0.069    0.003    0.000
     322    0.186    0.742    0.000    0.000    0.000    0.000    0.000    0.068    0.003    0.000
     323    0.186    0.743    0.000    0.000    0.000    0.000    0.000    0.068    0.003    0.000
     324    0.185    0.744    0.000    0.000    0.000    0.000    0.000    0.068    0.003    0.000
     325    0.185    0.745    0.000    0.000    0.000    0.000    0.000    0.068    0.003    0.000
     326    0.184    0.745    0.000    0.000    0.000    0.000    0.000    0.067    0.003    0.000
     327    0.183    0.746    0.000    0.000    0.000    0.000    0.000    0.067    0.003    0.000
     328    0.183    0.747    0.000    0.000    0.000    0.000    0.000    0.067    0.003    0.000
     329    0.182    0.748    0.000    0.000    0.000    0.000    0.000    0.067    0.003    0.000
     330    0.182    0.748    0.000    0.000    0.000    0.000    0.000    0.067    0.003    0.000
     331    0.181    0.749    0.000    0.000    0.000    0.000    0.000    0.066    0.003    0.000
     332    0.181    0.750    0.000    0.000    0.000    0.000    0.000    0.066    0.003    0.000
     333    0.180    0.751    0.000    0.000    0.000    0.000    0.000    0.066    0.003    0.000
     334    0.180    0.751    0.000    0.000    0.000    0.000    0.000    0.066    0.003    0.000
     335    0.179    0.752    0.000    0.000    0.000    0.000    0.000    0.066    0.003    0.000
     336    0.179    0.753    0.000    0.000    0.000    0.000    0.000    0.065    0.003    0.000
     337    0.178    0.754    0.000    0.000    0.000    0.000    0.000    0.065    0.003    0.000
     338    0.178    0.754    0.000    0.000    0.000    0.000    0.000    0.065    0.003    0.000
     339    0.177    0.755    0.000    0.000    0.000    0.000    0.000    0.065    0.003    0.000
     340    0.176    0.756    0.000    0.000    0.000    0.000    0.000    0.065    0.003    0.000
     341    0.176    0.757    0.000    0.000    0.000    0.000    0.000    0.065    0.003    0.000
     342    0.175    0.757    0.000    0.000    0.000    0.000    0.000    0.064    0.003    0.000
     343    0.175    0.758    0.000    0.000    0.000    0.000    0.000    0.064    0.003    0.000
     344    0.174    0.759    0.000    0.000    0.000    0.000    0.000    0.064    0.003    0.000
     345    0.174    0.759    0.000    0.000    0.000    0.000    0.000    0.064    0.003    0.000
     346    0.173    0.760    0.000    0.000    0.000    0.000    0.000    0.064    0.003    0.000
     347    0.173    0.761    0.000    0.000    0.000    0.000    0.000    0.063    0.003    0.000
     348    0.172    0.761    0.000    0.000    0.000    0.000    0.000    0.063    0.003    0.000
     349    0.172    0.762    0.000    0.000    0.000    0.000    0.000    0.063    0.003    0.000
     350    0.171    0.763    0.000    0.000    0.000    0.000    0.000    0.063    0.003    0.000
     351    0.171    0.764    0.000    0.000    0.000    0.000    0.000    0.063    0.003    0.000
     352    0.170    0.764    0.000    0.000    0.000    0.000    0.000    0.062    0.003    0.000
     353    0.170    0.765    0.000    0.000    0.000    0.000    0.000    0.062    0.003    0.000
     354    0.169    0.766    0.000    0.000    0.000    0.000    0.000    0.062    0.003    0.000
     355    0.169    0.766    0.000    0.000    0.000    0.000    0.000    0.062    0.003    0.000
     356    0.169    0.767    0.000    0.000    0.000    0.000    0.000    0.062    0.003    0.000
     357    0.168    0.768    0.000    0.000    0.000    0.000    0.000    0.062    0.003    0.000
     358    0.168    0.768    0.000    0.000    0.000    0.000    0.000    0.061    0.003    0.000
     359    0.167    0.769    0.000    0.000    0.000    0.000    0.000    0.061    0.003    0.000
     360    0.167    0.769    0.000    0.000    0.000    0.000    0.000    0.061    0.003    0.000
     361    0.166    0.770    0.000    0.000    0.000    0.000    0.000    0.061    0.003    0.000
     362    0.166    0.771    0.000    0.000    0.000    0.000    0.000    0.061    0.003    0.000
     363    0.165    0.771    0.000    0.000    0.000    0.000    0.000    0.061    0.003    0.000
     364    0.165    0.772    0.000    0.000    0.000    0.000    0.000    0.060    0.003    0.000
     365    0.164    0.773    0.000    0.000    0.000    0.000    0.000    0.060    0.003    0.000
     366    0.164    0.773    0.000    0.000    0.000    0.000    0.000    0.060    0.003    0.000
     367    0.163    0.774    0.000    0.000    0.000    0.000    0.000    0.060    0.003    0.000
     368    0.163    0.774    0.000    0.000    0.000    0.000    0.000    0.060    0.003    0.000
     369    0.163    0.775    0.000    0.000    0.000    0.000    0.000    0.060    0.003    0.000
     370    0.162    0.776    0.000    0.000    0.000    0.000    0.000    0.059    0.003    0.000
     371    0.162    0.776    0.000    0.000    0.000    0.000    0.000    0.059    0.003    0.000
     372    0.161    0.777    0.000    0.000    0.000    0.000    0.000    0.059    0.003    0.000
     373    0.161    0.777    0.000    0.000    0.000    0.000    0.000    0.059    0.003    0.000
     374    0.160    0.778    0.000    0.000    0.000    0.000    0.000    0.059    0.003    0.000
     375    0.160    0.779    0.000    0.000    0.000    0.000    0.000    0.059    0.003    0.000
     376    0.160    0.779    0.000    0.000    0.000    0.000    0.000    0.059    0.003    0.000
     377    0.159    0.780    0.000    0.000    0.000    0.000    0.000    0.058    0.003    0.000
     378    0.159    0.780    0.000    0.000    0.000    0.000    0.000    0.058    0.003    0.000
     379    0.158    0.781    0.000    0.000    0.000    0.000    0.000    0.058    0.003    0.000
     380    0.158    0.782    0.000    0.000    0.000    0.000    0.000    0.058    0.003    0.000
     381    0.157    0.782    0.000    0.000    0.000    0.000    0.000    0.058    0.003    0.000
     382    0.157    0.783    0.000    0.000    0.000    0.000    0.000    0.058    0.003    0.000
     383    0.157    0.783    0.000    0.000    0.000    0.000    0.000    0.057    0.003    0.000
     384    0.156    0.784    0.000    0.000    0.000    0.000    0.000    0.057    0.003    0.000
     385    0.156    0.784    0.000    0.000    0.000    0.000    0.000    0.057    0.003    0.000
     386    0.155    0.785    0.000    0.000    0.000    0.000    0.000    0.057    0.003    0.000
     387    0.155    0.786    0.000    0.000    0.000    0.000    0.000    0.057    0.003    0.000
     388    0.155    0.786    0.000    0.000    0.000    0.000    0.000    0.057    0.003    0.000
     389    0.154    0.787    0.000    0.000    0.000    0.000    0.000    0.057    0.003    0.000
     390    0.154    0.787    0.000    0.000    0.000    0.000    0.000    0.056    0.003    0.000
     391    0.153    0.788    0.000    0.000    0.000    0.000    0.000    0.056    0.003    0.000
     392    0.153    0.788    0.000    0.000    0.000    0.000    0.000    0.056    0.003    0.000
     393    0.153    0.789    0.000    0.000    0.000    0.000    0.000    0.056    0.003    0.000
     394    0.152    0.789    0.000    0.000    0.000    0.000    0.000    0.056    0.003    0.000
     395    0.152    0.790    0.000    0.000    0.000    0.000    0.000    0.056    0.003    0.000
     396    0.152    0.790    0.000    0.000    0.000    0.000    0.000    0.056    0.003    0.000
     397    0.151    0.791    0.000    0.000    0.000    0.000    0.000    0.055    0.003    0.000
     398    0.151    0.791    0.000    0.000    0.000    0.000    0.000    0.055    0.003    0.000
     399    0.150    0.792    0.000    0.000    0.000    0.000    0.000    0.055    0.003    0.000
     400    0.150    0.793    0.000    0.000    0.000    0.000    0.000    0.055    0.002    0.000
     401    0.150    0.791    0.000    0.000    0.000    0.000    0.002    0.055    0.002    0.000
     402    0.149    0.789    0.000    0.000    0.000    0.000    0.005    0.055    0.002    0.000
     403    0.149    0.787    0.000    0.000    0.000    0.000    0.007    0.055    0.002    0.000
